%YAML:1.0
---
R: !!opencv-matrix
   rows: 3
   cols: 3
   dt: d
   data: [ 9.9924869924147508e-01, -3.1200730355707709e-02,
       -2.2990247703983002e-02, 3.1717514103671948e-02,
       9.9924432111823513e-01, 2.2467443380158911e-02,
       2.2271873816620082e-02, -2.3179757078703286e-02,
       9.9948319770692939e-01 ]
T: !!opencv-matrix
   rows: 3
   cols: 1
   dt: d
   data: [ -8.5147081001663508e+01, 2.0134652026598610e-01,
       -2.3763959649816804e+00 ]
Rl: !!opencv-matrix
   rows: 3
   cols: 3
   dt: d
   data: [ 9.9940334000933184e-01, -3.4197153597978494e-02,
       4.8496045187383582e-03, 3.4141573887740043e-02,
       9.9935520369067987e-01, 1.1114395567351837e-02,
       -5.2265582040084326e-03, -1.0942190921193511e-02,
       9.9992647307048732e-01 ]
Rr: !!opencv-matrix
   rows: 3
   cols: 3
   dt: d
   data: [ 9.9960797008110158e-01, -2.3637637842458020e-03,
       2.7898365025782260e-02, 2.6797883502826976e-03,
       9.9993260997228917e-01, -1.1295762409121824e-02,
       -2.7869784440091958e-02, 1.1366095845888711e-02,
       9.9954694085894968e-01 ]
Pl: !!opencv-matrix
   rows: 3
   cols: 4
   dt: d
   data: [ 3.4547676938676909e+03, 0., 8.8814299774169922e+02, 0., 0.,
       3.4547676938676909e+03, 6.1685067749023438e+02, 0., 0., 0., 1.,
       0. ]
Pr: !!opencv-matrix
   rows: 3
   cols: 4
   dt: d
   data: [ 3.4547676938676909e+03, 0., 8.8814299774169922e+02,
       -2.9427875074647117e+05, 0., 3.4547676938676909e+03,
       6.1685067749023438e+02, 0., 0., 0., 1., 0. ]
Q: !!opencv-matrix
   rows: 4
   cols: 4
   dt: d
   data: [ 1., 0., 0., -8.8814299774169922e+02, 0., 1., 0.,
       -6.1685067749023438e+02, 0., 0., 0., 3.4547676938676909e+03, 0.,
       0., 1.1739779665043039e-02, 0. ]
