%YAML:1.0
---
cameraMatrixL: !!opencv-matrix
   rows: 3
   cols: 3
   dt: d
   data: [ 2.7195517015525388e+03, 0., 9.4288973382627671e+02, 0.,
       2.7155868389553279e+03, 6.0985150483385826e+02, 0., 0., 1. ]
cameraDistcoeffL: !!opencv-matrix
   rows: 5
   cols: 1
   dt: d
   data: [ -7.2680399354083450e-02, 2.9837653717160140e-01,
       1.7896349119046627e-03, -1.2362214494641495e-03,
       1.6148343908939131e+00 ]
cameraMatrixR: !!opencv-matrix
   rows: 3
   cols: 3
   dt: d
   data: [ 4.2000274558622705e+03, 0., 9.5910342883487544e+02, 0.,
       4.1939485487800539e+03, 6.2328862756009460e+02, 0., 0., 1. ]
cameraDistcoeffR: !!opencv-matrix
   rows: 5
   cols: 1
   dt: d
   data: [ 2.5402266796060052e-03, -9.8048793397916145e-01,
       3.5169784860113137e-03, 7.8006560194208920e-04,
       -8.2075387478848061e+00 ]
