%YAML:1.0
---
R: !!opencv-matrix
   rows: 3
   cols: 3
   dt: d
   data: [ 9.9980953496007352e-01, -1.7039459402033344e-02,
       -9.5158092776154168e-03, 1.7167563709708400e-02,
       9.9976084987487190e-01, 1.3546874685579358e-02,
       9.2827021494065742e-03, -1.3707657741574418e-02,
       9.9986295638954703e-01 ]
T: !!opencv-matrix
   rows: 3
   cols: 1
   dt: d
   data: [ -8.6095217518766574e+01, 8.4925399175200467e-01,
       -4.3180469561086961e-02 ]
Rl: !!opencv-matrix
   rows: 3
   cols: 3
   dt: d
   data: [ 9.9959609227669743e-01, -2.6906788046576265e-02,
       -9.1475167216470664e-03, 2.6968630928425615e-02,
       9.9961378775449794e-01, 6.7058390192404191e-03,
       8.9635512495080637e-03, -6.9498264814470282e-03,
       9.9993567526160143e-01 ]
Rr: !!opencv-matrix
   rows: 3
   cols: 3
   dt: d
   data: [ 9.9995122731411723e-01, -9.8636439494298629e-03,
       5.0151872285120278e-04, 9.8668043077550904e-03,
       9.9992855884255938e-01, -6.7471018811574874e-03,
       -4.3493188312690358e-04, 6.7517211939718633e-03,
       9.9997711228566399e-01 ]
Pl: !!opencv-matrix
   rows: 3
   cols: 4
   dt: d
   data: [ 3.4285812900480814e+03, 0., 9.9651689910888672e+02, 0., 0.,
       3.4285812900480814e+03, 5.9245513534545898e+02, 0., 0., 0., 1.,
       0. ]
Pr: !!opencv-matrix
   rows: 3
   cols: 4
   dt: d
   data: [ 3.4285812900480814e+03, 0., 9.9651689910888672e+02,
       -2.9519884958822676e+05, 0., 3.4285812900480814e+03,
       5.9245513534545898e+02, 0., 0., 0., 1., 0. ]
Q: !!opencv-matrix
   rows: 4
   cols: 4
   dt: d
   data: [ 1., 0., 0., -9.9651689910888672e+02, 0., 1., 0.,
       -5.9245513534545898e+02, 0., 0., 0., 3.4285812900480814e+03, 0.,
       0., 1.1614480526704671e-02, 0. ]
