%YAML:1.0
---
cameraMatrixL: !!opencv-matrix
   rows: 3
   cols: 3
   dt: d
   data: [ 2.6766843664727212e+03, 0., 9.7402654922578620e+02, 0.,
       2.6816043459112302e+03, 6.0267511011522549e+02, 0., 0., 1. ]
cameraDistcoeffL: !!opencv-matrix
   rows: 5
   cols: 1
   dt: d
   data: [ -1.0267475654635271e-01, 8.3677419869948078e-01,
       -3.5961098171576067e-04, 8.0974947590643743e-04,
       -1.5734568235436761e+00 ]
cameraMatrixR: !!opencv-matrix
   rows: 3
   cols: 3
   dt: d
   data: [ 4.1683809880434683e+03, 0., 9.8111393149907258e+02, 0.,
       4.1755582341849322e+03, 5.7924305669879186e+02, 0., 0., 1. ]
cameraDistcoeffR: !!opencv-matrix
   rows: 5
   cols: 1
   dt: d
   data: [ -1.5298232764740410e-01, 5.6129088444981790e+00,
       -1.7236609578674003e-04, 3.9437962033834838e-04,
       -9.5117714424897940e+01 ]
